#################### User 1 ####################
Vorname: Hans
Nachname: Peter
E-Mail: hans@peter.de
username: guest1
password: 123


  ################## Route 1 ###################
  {"type":"FeatureCollection","features":[{"type":"Feature","properties":{"type":"Aufnahme","name":"Langenmosen - Hohenried","description":"Fahrradtour am 28. August 2019"},"geometry":{"type":"LineString","coordinates":[[11.22072,48.60235],[11.2205,48.60224],[11.2205,48.60224],[11.22013,48.60243],[11.22013,48.60243],[11.22072,48.60278],[11.22072,48.60278],[11.22136,48.6023],[11.22143,48.60225],[11.22169,48.60218],[11.22198,48.60219],[11.22284,48.6022],[11.22312,48.60221],[11.22318,48.60221],[11.22347,48.60221],[11.22419,48.60221],[11.22596,48.60223],[11.22805,48.60225],[11.22916,48.60226],[11.22919,48.60226],[11.23006,48.60226],[11.23068,48.6023],[11.23118,48.60237],[11.2326,48.60269],[11.23341,48.60287],[11.23725,48.60373],[11.24026,48.60438],[11.24162,48.60447],[11.24207,48.60445],[11.2426,48.60439],[11.24347,48.60423],[11.24412,48.60413],[11.24456,48.60411],[11.24518,48.60416],[11.24597,48.60423],[11.24667,48.60435],[11.24709,48.60444],[11.24829,48.60476],[11.24909,48.60499],[11.25037,48.60532],[11.25062,48.60538],[11.25435,48.60609],[11.25475,48.60615],[11.25586,48.60631],[11.25803,48.60662],[11.26041,48.60694],[11.26041,48.60694],[11.26079,48.60698],[11.26131,48.607],[11.26192,48.60697],[11.26245,48.60711],[11.26305,48.60727],[11.26341,48.60753],[11.26432,48.60768],[11.26466,48.60775],[11.26466,48.60775],[11.2648,48.60772],[11.26492,48.60766],[11.26502,48.6075],[11.26538,48.60682],[11.26604,48.60565],[11.26645,48.60524],[11.26726,48.60503],[11.2681,48.60489],[11.27009,48.60474],[11.27051,48.60472],[11.27196,48.60465],[11.27267,48.6046],[11.274,48.60491],[11.27482,48.60504],[11.27598,48.60533],[11.27683,48.60556],[11.27702,48.60559],[11.27721,48.60561],[11.2774,48.60563],[11.27764,48.60565],[11.2782,48.60574],[11.2782,48.60574],[11.27846,48.60565],[11.27851,48.60564],[11.27895,48.60555],[11.27923,48.60555],[11.27987,48.6057],[11.27991,48.60571],[11.27997,48.60573],[11.28007,48.60573],[11.28025,48.6057],[11.28076,48.60558],[11.28103,48.60551],[11.28155,48.60537],[11.28192,48.60531],[11.28202,48.6053],[11.28233,48.60531],[11.28249,48.60531],[11.28286,48.60532],[11.28309,48.60532],[11.28346,48.60528],[11.28385,48.60526],[11.28408,48.60522],[11.28438,48.60516],[11.28483,48.60506],[11.28515,48.60493],[11.28545,48.60478],[11.28571,48.60459],[11.28605,48.60426],[11.28627,48.60411],[11.28659,48.60398],[11.28659,48.60398],[11.28663,48.60422],[11.28678,48.6049],[11.28749,48.60755],[11.28751,48.60762],[11.28757,48.60786],[11.28806,48.60954],[11.28848,48.61106],[11.2887,48.61183],[11.28897,48.61267],[11.28924,48.61337],[11.28945,48.6138],[11.28977,48.61446],[11.29056,48.61575],[11.29122,48.61674],[11.29165,48.6173],[11.2917,48.61736],[11.29248,48.61827],[11.29328,48.61897],[11.29416,48.61959],[11.29496,48.61998],[11.29638,48.62071],[11.2972,48.62118],[11.29726,48.62121],[11.29949,48.62262],[11.30162,48.62402],[11.30217,48.62435],[11.30274,48.62462],[11.3032,48.62483],[11.30375,48.62501],[11.3043,48.62512],[11.30472,48.62518],[11.30506,48.6252],[11.30554,48.62521],[11.30668,48.62514],[11.30797,48.62505],[11.30867,48.62513],[11.30953,48.62533],[11.31046,48.62564],[11.31123,48.62597],[11.312,48.62637],[11.31246,48.62668],[11.31355,48.62743],[11.31415,48.6278],[11.31478,48.62819],[11.32131,48.63261],[11.32224,48.63313],[11.32404,48.63393],[11.32775,48.63524],[11.32976,48.63611],[11.33168,48.63709],[11.33286,48.63777],[11.33395,48.6384],[11.3362,48.63974],[11.33824,48.64116],[11.33892,48.64171],[11.33932,48.64198],[11.33969,48.64219],[11.34029,48.64245],[11.34106,48.6427],[11.34202,48.64297],[11.34202,48.64297],[11.34277,48.64246],[11.34376,48.64183],[11.34425,48.64146],[11.34478,48.64099],[11.34512,48.64054],[11.34535,48.63975],[11.34539,48.63925],[11.34547,48.63861],[11.34562,48.63823],[11.34587,48.63792],[11.34622,48.6377],[11.34674,48.6375],[11.34759,48.63708],[11.3483,48.63655],[11.34876,48.63606],[11.34966,48.63516],[11.35007,48.63479],[11.35135,48.63396],[11.35193,48.63341],[11.35214,48.63328],[11.35242,48.63312],[11.35275,48.63296],[11.3529,48.63288],[11.35306,48.63279],[11.35337,48.63272],[11.35352,48.63271],[11.35382,48.63275],[11.35425,48.63295],[11.35461,48.63311],[11.35461,48.63311],[11.3547,48.63308],[11.35499,48.63307],[11.35526,48.63306],[11.35552,48.63305],[11.35598,48.63302],[11.35613,48.63302],[11.35653,48.63297],[11.35679,48.63294],[11.35679,48.63294],[11.3569,48.63295],[11.35701,48.63297],[11.35714,48.633],[11.35746,48.63309],[11.35812,48.63329],[11.35853,48.63334],[11.35871,48.63325],[11.35875,48.63309],[11.35876,48.63306],[11.35873,48.63271],[11.35873,48.63264],[11.35878,48.63245],[11.35891,48.63236],[11.35898,48.6323],[11.35898,48.6323],[11.35875,48.63226],[11.35867,48.63225],[11.35867,48.63225]]}}]}


  ################## Route 2 ###################
  {"type":"FeatureCollection","features":[{"type":"Feature","properties":{"type":"Planung","name":"Brunnen - Wangen","description":"geplante Tour mit der Familie"},"geometry":{"type":"LineString","coordinates":[[11.302,48.62649],[11.30443,48.62606],[11.30455,48.62603],[11.30455,48.62603],[11.30425,48.62583],[11.30346,48.62531],[11.30323,48.62509],[11.30316,48.62495],[11.3032,48.62483],[11.3032,48.62483],[11.30375,48.62501],[11.3043,48.62512],[11.30472,48.62518],[11.30506,48.6252],[11.30554,48.62521],[11.30668,48.62514],[11.30797,48.62505],[11.30867,48.62513],[11.30953,48.62533],[11.31046,48.62564],[11.31123,48.62597],[11.312,48.62637],[11.31246,48.62668],[11.31355,48.62743],[11.31415,48.6278],[11.31478,48.62819],[11.31478,48.62819],[11.31513,48.62779],[11.31515,48.62756],[11.31499,48.62728],[11.31464,48.62672],[11.31459,48.62637],[11.3147,48.62598],[11.31507,48.62548],[11.31533,48.62519],[11.31613,48.62432],[11.31704,48.62336],[11.31744,48.62299],[11.31846,48.62205],[11.32062,48.6206],[11.32118,48.62018],[11.32166,48.61972],[11.32213,48.61887],[11.32211,48.61806],[11.32191,48.6168],[11.32202,48.61624],[11.32241,48.61563],[11.32294,48.61508],[11.32396,48.61425],[11.32468,48.61352],[11.32515,48.61275],[11.32553,48.61145],[11.32611,48.61016],[11.32649,48.60915],[11.32662,48.60851],[11.32667,48.60779],[11.3269,48.60536],[11.32693,48.60513],[11.32668,48.60424],[11.32672,48.60375],[11.32686,48.60331],[11.32709,48.60293],[11.32739,48.60257],[11.32764,48.60233],[11.32791,48.6021],[11.32824,48.60182],[11.32851,48.60158],[11.32865,48.60143],[11.32877,48.60129],[11.3288,48.60125],[11.32891,48.6011],[11.329,48.60093],[11.32909,48.60075],[11.32918,48.60051],[11.32926,48.60032],[11.3294,48.5999],[11.32945,48.59973],[11.32947,48.59968],[11.32948,48.59962],[11.32948,48.59947],[11.32948,48.59934],[11.32947,48.5992],[11.32946,48.59904],[11.32943,48.59883],[11.32936,48.59868],[11.32924,48.59852],[11.329,48.59832],[11.32888,48.59823],[11.32868,48.59808],[11.32862,48.59803],[11.32848,48.59793],[11.32846,48.59788],[11.32844,48.59783],[11.32845,48.59776],[11.32848,48.59769],[11.3287,48.59742],[11.32871,48.59741],[11.32874,48.59738],[11.32976,48.59622],[11.33018,48.59591],[11.33087,48.59555],[11.33137,48.59534],[11.33259,48.59475],[11.33355,48.59428],[11.33426,48.59395],[11.33456,48.59377],[11.33544,48.5931],[11.33611,48.59235],[11.33704,48.59087],[11.33764,48.59],[11.33825,48.58915],[11.3383,48.58887],[11.3383,48.58887],[11.33825,48.58884],[11.33823,48.58881],[11.33821,48.58876],[11.33822,48.58871],[11.33822,48.58871],[11.33826,48.58867],[11.33831,48.58864],[11.3384,48.58862],[11.33849,48.58863],[11.33849,48.58863],[11.33856,48.58866],[11.3386,48.58869],[11.3386,48.58869],[11.33861,48.5887],[11.33863,48.58874],[11.33863,48.58878],[11.33863,48.58878],[11.33904,48.589],[11.33976,48.58916],[11.34075,48.58937],[11.34117,48.58945],[11.34168,48.58954],[11.3431,48.58978],[11.34373,48.58997],[11.34477,48.59032],[11.34596,48.59072],[11.3467,48.59097],[11.34763,48.59127],[11.34789,48.59135],[11.34789,48.59135],[11.34824,48.59147],[11.34846,48.59154],[11.34874,48.59163],[11.34894,48.59168],[11.34912,48.59174],[11.34932,48.59177],[11.34949,48.59178],[11.34964,48.59181],[11.34968,48.59181],[11.34986,48.59185],[11.35007,48.59189],[11.35018,48.59192],[11.3503,48.59194],[11.35054,48.592],[11.35059,48.59201],[11.35099,48.59209],[11.35159,48.59212],[11.35162,48.59212],[11.35162,48.59212]]}}]}


  ################## Animal 1 ###################
  study_id: 195375760
  sensor type: gps

  ################## Animal 2 ###################
  study_id: 446579
  sensor type: gps



--------------------------------------------------------------------------------------------------------------------------------------------------------------------------------------------------------------------------------------------------------------------------------------------------------------------------------------------------------------------------------------------------------------------------------------------------------------------------------------------------------------------
#################### User 2 ####################
Vorname: Rainer
Nachname: Zufall
E-Mail: rainer@zufall.de
username: guest2
password: 456


  ################## Route 1 ###################
   {"type":"FeatureCollection","features":[{"type":"Feature","properties":{"type":"Aufnahme","name":"Wangen - Stöffel","description":"Strecke über die Felder"},"geometry":{"type":"LineString","coordinates":[[11.51789,48.63106],[11.51799,48.63026],[11.51799,48.63026],[11.5162,48.63063],[11.51539,48.63081],[11.51433,48.63101],[11.51244,48.63134],[11.5123,48.63131],[11.51122,48.63057],[11.51122,48.63057],[11.51086,48.6308],[11.51003,48.63129],[11.5097,48.63151],[11.50935,48.6319],[11.50927,48.63217],[11.50921,48.63249],[11.50921,48.63249],[11.50796,48.63391],[11.50684,48.63534],[11.50651,48.63561],[11.50626,48.63574],[11.50587,48.63593],[11.5058,48.63598],[11.50557,48.63623],[11.50557,48.63623],[11.50466,48.63589],[11.50393,48.63557],[11.50347,48.63538],[11.50259,48.63498],[11.50077,48.63413],[11.49922,48.63333],[11.49846,48.63292],[11.49752,48.63266],[11.49654,48.63253],[11.49431,48.63229],[11.49239,48.63183],[11.49154,48.63163],[11.49032,48.6314],[11.48878,48.63083],[11.48724,48.63035],[11.48634,48.6301],[11.48543,48.62991],[11.48463,48.62973],[11.48399,48.62957],[11.48381,48.6295],[11.48279,48.62912],[11.48274,48.6291],[11.48232,48.62894],[11.48167,48.6287],[11.48157,48.62866],[11.48083,48.62839],[11.47937,48.62785],[11.47833,48.62742],[11.47745,48.62694],[11.4767,48.62647],[11.47654,48.62634],[11.4764,48.62621],[11.47629,48.62603],[11.47622,48.62587],[11.4762,48.62571],[11.47625,48.62538],[11.47627,48.62522],[11.47629,48.6251],[11.4763,48.62505],[11.47631,48.62499],[11.47631,48.62468],[11.47632,48.62459],[11.47631,48.62456],[11.47627,48.62424],[11.47621,48.62404],[11.4761,48.62379],[11.47581,48.6231],[11.47564,48.62275],[11.47549,48.62247],[11.47541,48.62237],[11.47527,48.62226],[11.47513,48.62217],[11.47498,48.62209],[11.47483,48.62202],[11.47154,48.62076],[11.47141,48.62071],[11.46949,48.61996],[11.46822,48.61949],[11.46784,48.61935],[11.46746,48.61924],[11.46676,48.61905],[11.46627,48.61891],[11.46601,48.61882],[11.46565,48.61866],[11.46518,48.61838],[11.46469,48.61805],[11.46443,48.61789],[11.46417,48.61776],[11.46392,48.61766],[11.46368,48.6176],[11.46348,48.61755],[11.46323,48.61752],[11.4629,48.6175],[11.46254,48.61748],[11.46217,48.61747],[11.46195,48.61747],[11.46187,48.61747],[11.4617,48.61748],[11.46157,48.61748],[11.46142,48.61748],[11.46124,48.61745],[11.46112,48.61741],[11.46105,48.61737],[11.46099,48.61732],[11.46094,48.61728],[11.4609,48.61722],[11.46089,48.61716],[11.46089,48.61707],[11.46089,48.61699],[11.46088,48.61675],[11.46085,48.61662],[11.46082,48.61657],[11.46078,48.6165],[11.46057,48.61626],[11.46036,48.61602],[11.46036,48.61602],[11.46023,48.61608],[11.45998,48.61618],[11.45949,48.61635],[11.45898,48.61653],[11.4586,48.61665],[11.45814,48.61676],[11.45787,48.61681],[11.45759,48.61684],[11.457,48.61687],[11.45657,48.61688],[11.45657,48.61688],[11.45588,48.61655],[11.45559,48.61644],[11.45462,48.61602],[11.45396,48.61568],[11.45374,48.61556],[11.45355,48.61542],[11.4532,48.61518],[11.45272,48.61488],[11.45208,48.61448],[11.45122,48.61363],[11.45034,48.61273],[11.44928,48.61194],[11.44858,48.61153],[11.44783,48.6112],[11.44684,48.61081],[11.44564,48.61045],[11.44464,48.61023],[11.44286,48.60994],[11.44077,48.60972],[11.44064,48.60971],[11.43899,48.60946],[11.43657,48.60902],[11.43621,48.60895],[11.43516,48.6088],[11.43472,48.60877],[11.43468,48.60877],[11.43461,48.60876],[11.43399,48.60867],[11.4335,48.60856],[11.43314,48.60845],[11.4326,48.60828],[11.43248,48.60823],[11.43244,48.60822],[11.43217,48.60807],[11.43178,48.6081],[11.43178,48.6081],[11.43149,48.60783],[11.43051,48.60683],[11.43003,48.60637],[11.42952,48.60594],[11.42901,48.60556],[11.42796,48.60479],[11.42764,48.60459],[11.42684,48.60411],[11.42641,48.60385],[11.42636,48.60382],[11.42621,48.60374],[11.42562,48.60341],[11.42557,48.60338],[11.42544,48.60331],[11.42476,48.60294],[11.4244,48.60273],[11.42414,48.60259],[11.42334,48.60218],[11.42303,48.60202],[11.42223,48.60164],[11.42163,48.60131],[11.42147,48.60124],[11.41962,48.60038],[11.41949,48.60032],[11.41905,48.60014],[11.41841,48.59988],[11.4175,48.59951],[11.41648,48.59913],[11.41552,48.59875],[11.41487,48.59849],[11.41422,48.59821],[11.4128,48.59759],[11.41279,48.59758],[11.41204,48.59724],[11.4115,48.59688],[11.41073,48.59634],[11.41009,48.59577],[11.40953,48.59511],[11.40902,48.5943],[11.40841,48.59316],[11.40777,48.59233],[11.40697,48.59151],[11.4068,48.59134],[11.40667,48.59123],[11.40588,48.59055],[11.40099,48.58635],[11.40031,48.58577],[11.39884,48.58473],[11.39849,48.58449],[11.39797,48.58416],[11.39647,48.58326],[11.39508,48.5826],[11.3933,48.58191],[11.39045,48.58111],[11.3891,48.58088],[11.38771,48.58067],[11.38626,48.58055],[11.38287,48.58051],[11.38104,48.58055],[11.38025,48.58059],[11.37269,48.58091],[11.36795,48.58096],[11.36659,48.58094],[11.36448,48.58093],[11.36244,48.58089],[11.35978,48.58082],[11.35786,48.58074],[11.35089,48.58046],[11.35068,48.58044],[11.34847,48.58027],[11.34816,48.58021],[11.34816,48.58021],[11.34776,48.58022],[11.34762,48.58026],[11.34749,48.58034],[11.34743,48.58045],[11.34734,48.58056],[11.34713,48.58074],[11.34713,48.58074],[11.34694,48.58063],[11.34678,48.58048],[11.34656,48.58024],[11.34637,48.58012],[11.34616,48.58005],[11.34579,48.57995],[11.34524,48.57986],[11.34491,48.57986],[11.3448,48.57986],[11.34462,48.57988],[11.34434,48.57991],[11.34422,48.57993],[11.34378,48.58],[11.34373,48.58001],[11.34342,48.58004],[11.34287,48.58005],[11.34236,48.58006],[11.34224,48.58007],[11.34214,48.58008],[11.34198,48.58009],[11.34176,48.58016],[11.34164,48.58021],[11.34141,48.58033],[11.34087,48.58069],[11.34083,48.58074],[11.34077,48.5808],[11.34059,48.58099],[11.34055,48.58103],[11.34051,48.58108],[11.34038,48.58117],[11.34033,48.5812],[11.3402,48.58126],[11.33992,48.58131],[11.33968,48.58134],[11.33957,48.58136],[11.33957,48.58136],[11.33968,48.58156],[11.3397,48.58159],[11.33984,48.58183],[11.34039,48.58333],[11.34049,48.58412],[11.34037,48.58499],[11.34024,48.58545],[11.34023,48.58552],[11.34015,48.5858],[11.3398,48.58705],[11.33963,48.58739],[11.33956,48.58753],[11.33885,48.58841],[11.33867,48.5886],[11.3386,48.58869],[11.3386,48.58869],[11.33861,48.5887],[11.33863,48.58874],[11.33863,48.58878],[11.33863,48.58878],[11.33904,48.589],[11.33976,48.58916],[11.34075,48.58937],[11.34117,48.58945],[11.34168,48.58954],[11.3431,48.58978],[11.34373,48.58997],[11.34477,48.59032],[11.34596,48.59072],[11.3467,48.59097],[11.34763,48.59127],[11.34789,48.59135],[11.34789,48.59135],[11.34824,48.59147],[11.34846,48.59154],[11.34874,48.59163],[11.34894,48.59168],[11.34912,48.59174],[11.34932,48.59177],[11.34949,48.59178],[11.34964,48.59181],[11.34968,48.59181],[11.34986,48.59185],[11.35007,48.59189],[11.35018,48.59192],[11.3503,48.59194],[11.35054,48.592],[11.35059,48.59201],[11.35099,48.59209],[11.35159,48.59212],[11.35162,48.59212],[11.35162,48.59212]]}}]}


   ################## Route 2 ###################
    {"type":"FeatureCollection","features":[{"type":"Feature","properties":{"type":"Aufnahme","name":"Herzogenaurach - Feucht","description":"Weg zu Person XY"},"geometry":{"type":"LineString","coordinates":[[10.88596,49.56949],[10.88628,49.56958],[10.88744,49.56991],[10.88785,49.57003],[10.88825,49.57014],[10.88832,49.57016],[10.88837,49.57018],[10.88848,49.57022],[10.8888,49.57047],[10.88909,49.57068],[10.88933,49.57082],[10.88946,49.57089],[10.88969,49.571],[10.88993,49.57108],[10.89021,49.57117],[10.89099,49.57135],[10.8916,49.57151],[10.89205,49.57165],[10.89235,49.57177],[10.89267,49.57193],[10.89289,49.57205],[10.89319,49.57224],[10.89329,49.5723],[10.89336,49.57234],[10.8937,49.57261],[10.89392,49.57279],[10.89393,49.5728],[10.89409,49.57294],[10.89419,49.57302],[10.89427,49.57308],[10.89451,49.57324],[10.89476,49.57346],[10.89491,49.57356],[10.89513,49.57374],[10.89545,49.57396],[10.8959,49.57423],[10.89601,49.57428],[10.89623,49.57439],[10.89642,49.57446],[10.89656,49.5745],[10.89656,49.5745],[10.89659,49.57447],[10.89663,49.57445],[10.89669,49.57445],[10.89674,49.57445],[10.89679,49.57447],[10.89682,49.57449],[10.89685,49.57452],[10.89685,49.57456],[10.89684,49.57459],[10.89709,49.57465],[10.8972,49.57468],[10.89734,49.57471],[10.8979,49.57486],[10.89834,49.57501],[10.89856,49.57511],[10.8988,49.57524],[10.89904,49.57539],[10.89921,49.57548],[10.89941,49.57561],[10.89953,49.57569],[10.89953,49.57569],[10.89967,49.57563],[10.89984,49.57556],[10.90002,49.57549],[10.90091,49.57513],[10.90122,49.575],[10.90179,49.57481],[10.90323,49.5743],[10.90508,49.5737],[10.90644,49.57329],[10.90674,49.5732],[10.90722,49.57307],[10.9076,49.57298],[10.90834,49.57279],[10.90908,49.57262],[10.90959,49.57251],[10.91006,49.57243],[10.91119,49.57221],[10.9124,49.57199],[10.91411,49.57172],[10.91499,49.57158],[10.91594,49.57144],[10.91615,49.57141],[10.9163,49.57139],[10.91645,49.57137],[10.91809,49.57108],[10.91925,49.5708],[10.92047,49.57042],[10.92147,49.57004],[10.92219,49.56972],[10.92287,49.56938],[10.92388,49.56879],[10.9246,49.56831],[10.92529,49.5678],[10.92627,49.56711],[10.92675,49.56681],[10.92728,49.56653],[10.92953,49.56561],[10.93056,49.56509],[10.93139,49.56471],[10.93162,49.56463],[10.93194,49.56451],[10.93194,49.56451],[10.93201,49.56449],[10.9323,49.56441],[10.93281,49.56428],[10.93294,49.56426],[10.93323,49.5642],[10.93342,49.56416],[10.9336,49.56413],[10.93372,49.56411],[10.93422,49.56406],[10.93493,49.56407],[10.93495,49.56407],[10.93522,49.56407],[10.93578,49.56408],[10.93623,49.5641],[10.93661,49.56411],[10.93696,49.56414],[10.93732,49.56416],[10.93759,49.56419],[10.9379,49.56423],[10.93818,49.56426],[10.93844,49.56431],[10.93884,49.56438],[10.93917,49.56444],[10.9393,49.56447],[10.93947,49.56452],[10.94004,49.56468],[10.94016,49.56471],[10.94019,49.56472],[10.94023,49.56473],[10.94035,49.56476],[10.94045,49.56479],[10.9407,49.56489],[10.94103,49.56503],[10.94141,49.56521],[10.94175,49.56535],[10.94175,49.56535],[10.94248,49.5656],[10.94278,49.56569],[10.9431,49.56575],[10.94344,49.56579],[10.94381,49.56581],[10.94412,49.5658],[10.94449,49.56576],[10.94482,49.56568],[10.94511,49.5656],[10.94543,49.56549],[10.94595,49.56526],[10.94615,49.56523],[10.94615,49.56523],[10.94639,49.56513],[10.94697,49.56488],[10.94748,49.56467],[10.94813,49.56441],[10.94953,49.56389],[10.95154,49.56319],[10.95304,49.56269],[10.95401,49.56242],[10.95515,49.56213],[10.95615,49.5619],[10.95724,49.56166],[10.95847,49.56141],[10.95899,49.56131],[10.96062,49.56105],[10.96198,49.56085],[10.96271,49.56077],[10.96369,49.56066],[10.96499,49.56053],[10.96664,49.56041],[10.96793,49.56033],[10.96957,49.56025],[10.97106,49.5602],[10.97255,49.56016],[10.9738,49.56013],[10.97839,49.56008],[10.97935,49.56008],[10.98066,49.56007],[10.98113,49.56007],[10.98214,49.56006],[10.98402,49.56005],[10.98472,49.56005],[10.98519,49.56005],[10.98568,49.56004],[10.98672,49.56004],[10.98752,49.56002],[10.9895,49.55995],[10.99116,49.55983],[10.99201,49.55974],[10.99252,49.55967],[10.99389,49.55947],[10.99501,49.55927],[10.99554,49.55916],[10.99583,49.5591],[10.99705,49.5588],[10.99781,49.55859],[10.9982,49.55848],[10.99885,49.55829],[10.99926,49.55816],[10.99953,49.55808],[11.00005,49.55791],[11.00131,49.55744],[11.00231,49.55703],[11.00344,49.55651],[11.00433,49.55607],[11.00526,49.55556],[11.00667,49.55469],[11.00758,49.55407],[11.00857,49.55332],[11.00952,49.5525],[11.01101,49.55099],[11.0138,49.54771],[11.0155,49.54589],[11.01605,49.54537],[11.01663,49.54485],[11.01743,49.5442],[11.01786,49.54387],[11.01834,49.54352],[11.0189,49.54314],[11.0196,49.54269],[11.02001,49.54244],[11.02085,49.54197],[11.02136,49.5417],[11.02181,49.54145],[11.02315,49.54084],[11.02357,49.54065],[11.02388,49.54052],[11.02476,49.54017],[11.02534,49.53997],[11.02667,49.53951],[11.03001,49.53851],[11.03238,49.53781],[11.03418,49.53728],[11.03931,49.53578],[11.04193,49.53502],[11.04836,49.53313],[11.05268,49.53186],[11.05628,49.53081],[11.05763,49.53039],[11.0591,49.52987],[11.06062,49.5293],[11.06177,49.52882],[11.06219,49.52864],[11.06405,49.52776],[11.06529,49.52712],[11.06899,49.52514],[11.07085,49.52414],[11.07198,49.52354],[11.07359,49.52266],[11.08715,49.51545],[11.08802,49.51502],[11.08895,49.51458],[11.08995,49.51414],[11.09108,49.51369],[11.09208,49.5133],[11.09299,49.51297],[11.09474,49.51238],[11.09736,49.51164],[11.10145,49.51061],[11.10818,49.50894],[11.10876,49.50879],[11.10941,49.50862],[11.10997,49.50849],[11.11105,49.50821],[11.1173,49.50662],[11.11967,49.50581],[11.12085,49.50536],[11.12267,49.50458],[11.12465,49.50362],[11.1262,49.50282],[11.12768,49.50209],[11.12828,49.50181],[11.12878,49.50158],[11.12941,49.50131],[11.12962,49.50122],[11.13016,49.50101],[11.1307,49.5008],[11.13114,49.50064],[11.13165,49.50046],[11.13266,49.50014],[11.13495,49.4994],[11.13629,49.49897],[11.13715,49.49867],[11.13799,49.49834],[11.13858,49.4981],[11.13927,49.49781],[11.14015,49.4974],[11.14073,49.49711],[11.1418,49.49658],[11.14463,49.4952],[11.14743,49.49381],[11.15092,49.49208],[11.1512,49.49194],[11.15146,49.49181],[11.15166,49.49172],[11.1535,49.49076],[11.1588,49.48818],[11.15985,49.48767],[11.15997,49.4876],[11.16121,49.48697],[11.1675,49.48387],[11.16884,49.48312],[11.17004,49.48236],[11.17089,49.48176],[11.17227,49.48069],[11.17387,49.47938],[11.17421,49.47909],[11.17635,49.47735],[11.17754,49.47639],[11.17821,49.47583],[11.17911,49.47509],[11.1797,49.47459],[11.18082,49.47369],[11.18334,49.47164],[11.18369,49.47135],[11.18486,49.4704],[11.18508,49.4702],[11.18579,49.46961],[11.18624,49.46927],[11.18648,49.46909],[11.18723,49.46859],[11.18776,49.46826],[11.18826,49.46797],[11.18893,49.46761],[11.18957,49.46729],[11.19021,49.46698],[11.19098,49.46666],[11.19202,49.46626],[11.19269,49.46603],[11.19366,49.46574],[11.19473,49.46545],[11.19545,49.46529],[11.19633,49.46512],[11.19703,49.465],[11.19774,49.4649],[11.19887,49.46476],[11.20004,49.46467],[11.20105,49.46463],[11.20212,49.46462],[11.20312,49.46464],[11.20426,49.46471],[11.20473,49.46475],[11.20513,49.46478],[11.20618,49.4649],[11.20869,49.46518],[11.21057,49.46542],[11.21505,49.46596],[11.21574,49.46604],[11.21643,49.4661],[11.21712,49.46615],[11.21787,49.46619],[11.21881,49.4662],[11.21974,49.46618],[11.22033,49.46616],[11.2211,49.46611],[11.2217,49.46607],[11.22244,49.46599],[11.22307,49.46589],[11.22325,49.46587],[11.22416,49.46573],[11.22492,49.46559],[11.22567,49.46543],[11.22643,49.46525],[11.22643,49.46525],[11.22684,49.46517],[11.22755,49.46496],[11.22819,49.46477],[11.22871,49.46459],[11.22917,49.46442],[11.22977,49.46419],[11.23034,49.46396],[11.23106,49.46363],[11.23179,49.46326],[11.23249,49.46287],[11.23337,49.46234],[11.23409,49.46185],[11.23484,49.46126],[11.23564,49.46059],[11.23594,49.4603],[11.23636,49.45987],[11.23662,49.45958],[11.23692,49.45918],[11.23717,49.45883],[11.23741,49.45842],[11.23764,49.45797],[11.23782,49.45757],[11.23797,49.45715],[11.23812,49.4566],[11.23823,49.45602],[11.23826,49.45556],[11.23827,49.45516],[11.23824,49.45488],[11.23819,49.45442],[11.238,49.45358],[11.23782,49.4531],[11.23764,49.45267],[11.23743,49.45227],[11.2372,49.45187],[11.23691,49.45144],[11.23619,49.45053],[11.23537,49.44963],[11.23439,49.44858],[11.23406,49.44826],[11.23406,49.44826],[11.234,49.44819],[11.23297,49.44708],[11.23198,49.44602],[11.23038,49.44443],[11.22997,49.44403],[11.22419,49.43888],[11.22071,49.43575],[11.21879,49.43403],[11.21238,49.42828],[11.21022,49.42635],[11.20961,49.42579],[11.20805,49.42431],[11.20698,49.42326],[11.20589,49.42218],[11.20507,49.42137],[11.20421,49.42051],[11.20358,49.4199],[11.20253,49.41888],[11.2011,49.41745],[11.19908,49.41543],[11.19784,49.41397],[11.19695,49.41263],[11.19629,49.41136],[11.19599,49.41063],[11.19572,49.40981],[11.19567,49.40964],[11.19544,49.40851],[11.19538,49.40803],[11.19533,49.40753],[11.19531,49.40704],[11.19531,49.40668],[11.19532,49.40642],[11.19536,49.4058],[11.19546,49.40511],[11.19559,49.40446],[11.19583,49.40357],[11.1959,49.40331],[11.19592,49.40325],[11.19609,49.40282],[11.19638,49.40213],[11.19662,49.40165],[11.1968,49.40131],[11.19732,49.4003],[11.19743,49.40008],[11.19743,49.40008],[11.1976,49.39957],[11.19768,49.39937],[11.19785,49.3987],[11.19789,49.39852],[11.19789,49.39852],[11.1979,49.39823],[11.19789,49.39802],[11.19786,49.39777],[11.19778,49.39744],[11.19762,49.39698],[11.1975,49.39676],[11.19731,49.39646],[11.19705,49.39618],[11.1968,49.39592],[11.19649,49.3957],[11.19607,49.39543],[11.19565,49.39524],[11.19532,49.3951],[11.1949,49.39497],[11.19447,49.39486],[11.19396,49.39476],[11.19299,49.39458],[11.1922,49.39443],[11.19123,49.39421],[11.19035,49.394],[11.19003,49.39394],[11.18964,49.39381],[11.1879,49.39351],[11.18744,49.39343],[11.18659,49.39327],[11.1856,49.39308],[11.1852,49.393],[11.18271,49.39253],[11.18161,49.39234],[11.18069,49.3922],[11.17974,49.39208],[11.17855,49.39197],[11.17639,49.39182],[11.17499,49.39173],[11.17499,49.39173],[11.17474,49.39176],[11.17428,49.39173],[11.17385,49.39173],[11.17344,49.39178],[11.17294,49.39191],[11.17244,49.39202],[11.17203,49.39208],[11.17139,49.39216],[11.16968,49.39234],[11.16968,49.39234],[11.16955,49.39232],[11.16942,49.39229],[11.169,49.3921],[11.169,49.3921],[11.16965,49.39158],[11.17003,49.39128],[11.17017,49.39116],[11.17121,49.39027],[11.1716,49.38996],[11.17172,49.38987],[11.17195,49.38971],[11.17208,49.38963],[11.17222,49.38955],[11.17234,49.38949],[11.17258,49.3894],[11.1728,49.38933],[11.17308,49.38927],[11.17341,49.3892],[11.17367,49.38918],[11.17392,49.38917],[11.17419,49.38916],[11.1745,49.3891],[11.17462,49.38908],[11.17462,49.38908],[11.17465,49.38904],[11.17471,49.38901],[11.17476,49.38899],[11.17488,49.38898],[11.17496,49.38899],[11.17501,49.38902],[11.17505,49.38905],[11.17508,49.38907],[11.17509,49.38914],[11.17508,49.3892],[11.17505,49.38923],[11.175,49.38926],[11.17494,49.38928],[11.17494,49.38928],[11.1749,49.38937],[11.17483,49.38949],[11.17481,49.3897],[11.1748,49.39007],[11.17483,49.39032],[11.17494,49.39055],[11.17513,49.39077],[11.17529,49.39089],[11.17547,49.39102],[11.17571,49.39114],[11.17605,49.39124],[11.17672,49.39133],[11.17857,49.39144],[11.18299,49.39172],[11.18357,49.39173],[11.18415,49.3917],[11.18504,49.39161],[11.18539,49.39163],[11.18592,49.39172],[11.18608,49.39178],[11.18608,49.39178],[11.18617,49.3917],[11.1863,49.39161],[11.18646,49.39152],[11.18659,49.39145],[11.18681,49.39137],[11.18701,49.3913],[11.18719,49.39127],[11.18733,49.39124],[11.18758,49.39122],[11.1889,49.39111],[11.1894,49.39106],[11.18989,49.39096],[11.18992,49.39095],[11.19026,49.39084],[11.1912,49.39035],[11.19198,49.38987],[11.1959,49.38758],[11.19682,49.38706],[11.19814,49.3863],[11.20095,49.38467],[11.20115,49.38455],[11.20334,49.38326],[11.20347,49.38318],[11.20373,49.38302],[11.20597,49.38171],[11.20652,49.38151],[11.20765,49.38134],[11.20919,49.38109],[11.21065,49.38096],[11.21161,49.38089],[11.21161,49.38089],[11.21191,49.3804],[11.21197,49.38018],[11.21192,49.38004],[11.2119,49.37999],[11.21187,49.37992],[11.21175,49.37972],[11.21154,49.37945],[11.21122,49.37909],[11.2111,49.37896],[11.2111,49.37896],[11.21034,49.37922],[11.21021,49.37924],[11.21007,49.37926],[11.20995,49.37927],[11.20982,49.37926],[11.2097,49.37924],[11.20957,49.37921],[11.20913,49.37902],[11.20913,49.37902],[11.20908,49.37907],[11.20886,49.37927],[11.20868,49.37943],[11.20858,49.37952],[11.208,49.38003],[11.20781,49.38019],[11.20781,49.38019]]}}]}


    ################## Route 3 ###################
     {"type":"FeatureCollection","features":[{"type":"Feature","properties":{"type":"Planung","name":"Steinerskirchen - Pörnbach","description":"Ausflugsziel Pörnbach"},"geometry":{"type":"LineString","coordinates":[[11.41199,48.63262],[11.41239,48.63286],[11.41268,48.63304],[11.41395,48.63348],[11.41424,48.63359],[11.41476,48.63371],[11.41615,48.63384],[11.41744,48.63397],[11.41814,48.63399],[11.41878,48.63394],[11.41958,48.63382],[11.42007,48.6338],[11.4204,48.63382],[11.42065,48.63388],[11.42089,48.63402],[11.42144,48.63438],[11.42144,48.63438],[11.42208,48.63422],[11.42268,48.63412],[11.42313,48.634],[11.42341,48.63388],[11.4237,48.63368],[11.42389,48.63349],[11.424,48.63327],[11.42414,48.63295],[11.42436,48.6324],[11.4245,48.63227],[11.42477,48.63212],[11.42527,48.63198],[11.42644,48.63174],[11.4278,48.63157],[11.42832,48.63148],[11.4284,48.63146],[11.42862,48.6314],[11.42898,48.63127],[11.42937,48.631],[11.42971,48.63073],[11.42988,48.6306],[11.43022,48.63032],[11.43046,48.63003],[11.43065,48.62973],[11.43087,48.62922],[11.4309,48.62916],[11.43122,48.62888],[11.43127,48.62886],[11.43151,48.62874],[11.43157,48.62871],[11.43201,48.62858],[11.43201,48.62858],[11.43222,48.6286],[11.43251,48.62866],[11.43253,48.62867],[11.43307,48.62885],[11.43407,48.62924],[11.43455,48.62945],[11.43569,48.62999],[11.43606,48.63013],[11.43655,48.63016],[11.43696,48.63011],[11.43725,48.63001],[11.43834,48.62931],[11.43881,48.62895],[11.43908,48.62864],[11.43936,48.62822],[11.4395,48.62793],[11.43961,48.62757],[11.43971,48.62732],[11.43983,48.62704],[11.43995,48.62677],[11.4402,48.62643],[11.44048,48.62612],[11.44119,48.62554],[11.4416,48.62519],[11.4416,48.62519],[11.44227,48.62464],[11.44278,48.62425],[11.44422,48.62308],[11.4446,48.62277],[11.44536,48.62218],[11.44654,48.62121],[11.44739,48.62054],[11.44855,48.61961],[11.44896,48.61928],[11.44921,48.61908],[11.44948,48.61888],[11.44957,48.61881],[11.45015,48.61842],[11.45063,48.61818],[11.45128,48.61794],[11.4518,48.61779],[11.45239,48.61768],[11.45306,48.6176],[11.45368,48.61755],[11.45415,48.6175],[11.45472,48.6174],[11.45494,48.61734],[11.45522,48.61727],[11.45612,48.61698],[11.45634,48.61693],[11.45657,48.61688],[11.457,48.61687],[11.45759,48.61684],[11.45787,48.61681],[11.45814,48.61676],[11.4586,48.61665],[11.45898,48.61653],[11.45949,48.61635],[11.45998,48.61618],[11.46023,48.61608],[11.46036,48.61602],[11.46036,48.61602],[11.46057,48.61626],[11.46078,48.6165],[11.46082,48.61657],[11.46085,48.61662],[11.46088,48.61675],[11.46089,48.61699],[11.46089,48.61707],[11.46089,48.61716],[11.4609,48.61722],[11.46094,48.61728],[11.46099,48.61732],[11.46105,48.61737],[11.46112,48.61741],[11.46124,48.61745],[11.46142,48.61748],[11.46157,48.61748],[11.4617,48.61748],[11.46187,48.61747],[11.46195,48.61747],[11.46195,48.61747],[11.46209,48.61732],[11.46248,48.61715],[11.46325,48.61683],[11.46389,48.61657],[11.46426,48.61644],[11.46447,48.61641],[11.46469,48.61639],[11.46493,48.61639],[11.46516,48.6164],[11.46537,48.61639],[11.46544,48.61638],[11.46544,48.61638]]}}]}
